5,3 (2),Apr 16,PIT,,BRO,L,0-6,9-GF,0,0,0,0,0,0,0,0,0,,0,0,0,,0,,0,0,,,,,9,,,,P
